1	1.78028
2	4.88163
3	8.16605
4	12.7568
5	17.6255
6	23.7941
7	30.262
8	37.9833
9	46.1204
10	54.6658
11	63.9298
12	74.0083
13	85.1724
14	96.1489
15	108.004
16	120.934
17	134.017
18	147.8
19	162.771
20	178.341
21	194.368
22	209.884
23	226.614
24	243.785
25	262.017
26	280.795
27	300.635
28	319.761
29	339.586
30	360.744
31	382.749
32	405.327
33	426.817
34	451.254
35	474.883
36	499.294
37	523.642
38	549.234
39	573.398
40	600.943
41	628.55
42	656.563
43	682.441
44	714.49
45	741.576
46	770.877
47	800.405
48	830.641
49	866.982
50	896.776
51	928.369
52	962.868
53	995.474
54	1024.61
55	1062.64
56	1095.14
57	1131.43
58	1167.09
59	1204.6
60	1245.44
61	1279.13
62	1315.53
63	1355.74
64	1396.8
65	1429.89
66	1470.3
67	1515.15
68	1556.44
69	1597.8
70	1636.54
71	1678.12
72	1719.71
73	1759.38
74	1808.29
75	1847.79
76	1902.91
77	1945.97
78	1982.12
79	2034.61
80	2085.23
81	2132.34
82	2183.32
83	2224.74
84	2279.84
85	2324.89
86	2371.28
87	2419.63
88	2479.44
89	2521.9
90	2576.91
91	2629.34
92	2680.04
93	2736.66
94	2787.46
95	2844.03
96	2895.25
97	2954.21
98	3010.1
99	3064.88
100	3119.05
101	3173.65
102	3224.67
103	3284.43
104	3350.36
105	3394.8
106	3469.6
107	3526.57
108	3578.32
109	3636.16
110	3705.82
111	3755.63
112	3820.56
113	3879.85
114	3953.47
115	3993.69
116	3995.27
117	3992.09
118	3990.49
119	3984.79
120	3984.43
121	3981.21
122	3967.89
123	3979.16
124	3971.44
125	3966.58
126	3952.26
127	3955.83
128	3972.35
129	3940.31
130	3964.92
131	3925.84
132	3960.21
133	3901.1
134	3948.02
135	3909.76
136	3911.64
137	3952.62
138	3887.63
139	3880.66
140	3939.13
141	3963.6
142	3832
143	3880.83
144	3924.36
145	3963.33
146	3787.89
147	3835.84
148	3879.53
149	3930.69
150	3957.05
151	3770.7
152	3784.9
153	3825.82
154	3874.92
155	3921.71
156	3969.1
157	3786.53
158	3716.99
159	3756.76
160	3795.23
161	3843.99
162	3888.9
163	3933
164	3957.21
165	3683.1
166	3650.85
167	3687.07
168	3728.96
169	3765.54
170	3810.08
171	3848.64
172	3887.26
173	3927.59
174	3968.88
175	3704.17
176	3536.25
177	3578.66
178	3613.3
179	3648.98
180	3691.32
181	3723.14
182	3764.6
183	3800.6
184	3835.07
185	3876.49
186	3914.26
187	3949.54
188	3953.38
189	3379.78
190	3411.25
191	3450.97
192	3476.36
193	3511.67
194	3544.76
195	3577.21
196	3611.25
197	3643.58
198	3675.07
199	3712.31
200	3742.98
201	3779.38
202	3809.76
203	3847.27
204	3878.93
205	3911.14
206	3946.34
207	3941.63
208	3250.67
209	3193.32
210	3220.16
211	3247.32
212	3275.3
213	3304.07
214	3331.43
215	3359.15
216	3387.1
217	3415.08
218	3442.05
219	3469.91
220	3502.98
221	3529.35
222	3556.56
223	3587.03
224	3617.41
225	3644.83
226	3676.17
227	3703.72
228	3733.62
229	3761.05
230	3797.3
231	3820.26
232	3848.67
233	3881.33
234	3914.3
235	3941.01
236	3970.33
237	3164.16
238	2827.29
239	2848.99
240	2869.92
241	2891.32
242	2914.02
243	2934.51
244	2955.83
245	2977.88
246	2999.26
247	3021.97
248	3043.67
249	3065.35
250	3087.92
251	3111.11
252	3134.27
253	3156.67
254	3177.45
255	3200.89
256	3223.15
257	3246.43
258	3268.22
259	3288.96
260	3311.94
261	3336.15
262	3360.62
263	3383.97
264	3404.66
265	3427.39
266	3452.7
267	3477.31
268	3498.69
269	3524.06
270	3547
271	3569.62
272	3593.81
273	3616.65
274	3639.79
275	3662.72
276	3686.69
277	3711.85
278	3735.96
279	3760.29
280	3783.29
281	3807.39
282	3834.11
283	3857.43
284	3882.64
285	3907.22
286	3930.73
287	3956.01
288	3980.27
289	2296.32
290	2120.73
291	2133.84
292	2146.99
293	2160.17
294	2173.39
295	2186.64
296	2199.92
297	2213.24
298	2226.6
299	2239.99
300	2253.41
301	2266.87
302	2280.36
303	2293.89
304	2307.45
305	2321.05
306	2334.68
307	2348.34
308	2362.04
309	2375.77
310	2389.54
311	2403.34
312	2417.17
313	2431.04
314	2444.94
315	2458.88
316	2472.85
317	2486.86
318	2500.89
319	2514.97
320	2529.07
321	2543.21
322	2557.39
323	2571.59
324	2585.83
325	2600.11
326	2614.41
327	2628.76
328	2643.13
329	2657.54
330	2671.98
331	2686.46
332	2700.96
333	2715.51
334	2730.08
335	2744.69
336	2759.33
337	2774.01
338	2788.71
339	2803.46
340	2818.23
341	2833.04
342	2847.88
343	2862.75
344	2877.66
345	2892.6
346	2907.57
347	2922.57
348	2937.61
349	2952.68
350	2967.79
351	2982.92
352	2998.09
353	3013.29
354	3028.53
355	3043.79
356	3059.09
357	3074.42
358	3089.79
359	3105.18
360	3120.61
361	3136.07
362	3151.57
363	3167.09
364	3182.65
365	3198.24
366	3213.87
367	3229.52
368	3245.21
369	3260.93
370	3276.68
371	3292.46
372	3308.28
373	3324.12
374	3340
375	3355.91
376	3371.86
377	3387.83
378	3403.84
379	3419.88
380	3435.95
381	3452.05
382	3468.18
383	3484.35
384	3500.54
385	3516.77
386	3533.03
387	3549.32
388	3565.65
389	3582
390	3598.39
391	3614.8
392	3631.25
393	3647.73
394	3664.24
395	3680.78
396	3697.36
397	3713.96
398	3730.6
399	3747.26
400	3763.96
401	3780.69
402	3797.45
403	3814.24
404	3831.06
405	3847.91
406	3864.8
407	3881.71
408	3898.66
409	3915.63
410	3932.64
411	3949.68
412	3966.75
413	3983.85
414	0
415	0
416	0
417	0
418	0
419	0
420	0
421	0
422	0
423	0
424	4.94066e-323
425	4.94066e-323
426	7.48776e-318
427	0
428	0
429	0
430	0
431	0
432	0
433	0
434	0
435	0
436	4.94066e-323
437	4.94066e-323
438	6.8201e-318
439	0
440	0
441	0
442	0
443	0
444	0
445	0
446	0
447	0
448	0
449	0
450	0
451	0
452	0
453	0
454	3.23564e-320
455	3.23564e-320
456	7.55993e-318
457	0
458	0
459	0
460	0
461	0
462	0
463	0
464	0
465	0
466	0
467	0
468	0
469	0
470	0
471	0
472	0
473	0
474	0
475	0
476	0
477	0
478	0
479	0
480	0
481	0
482	0
483	0
484	0
485	0
486	0
487	0
488	0
489	0
490	0
491	0
492	0
493	0
494	0
495	0
496	0
497	0
498	0
499	0
500	0
501	0
502	0
503	0
504	0
505	0
506	0
507	0
508	0
509	0
510	0
511	0
512	0
513	0
514	0
515	0
516	0
517	0
518	0
519	0
520	0
521	0
522	0
523	0
524	0
525	0
526	0
527	0
528	0
529	0
530	0
531	0
532	0
533	0
534	0
535	0
536	0
537	0
538	0
539	0
540	0
541	8.13726e-321
542	8.13232e-321
543	7.52083e-318
544	0
545	0
546	0
547	0
548	0
549	0
550	0
551	0
552	0
553	8.13726e-321
554	8.13726e-321
555	6.88576e-318
556	0
557	0
558	0
559	0
560	0
561	0
562	0
563	0
564	0
565	0
566	0
567	0
568	0
569	0
570	0
571	0
572	0
573	0
574	0
575	0
576	0
577	4.86457e-320
578	4.86457e-320
579	7.58632e-318
580	0
581	0
582	0
583	0
584	0
585	0
586	0
587	0
588	0
589	0
590	0
591	0
592	0
593	0
594	0
595	0
596	0
597	0
598	0
599	0
600	0
